10010100 00100000 00000011 00101110 00101011 01111110 10010000 00100000 10000001 00111010 10000010 01111000 10000010 00101011 10000010 00111010 
10010011 00100000 00000101 00111010 01100000 00101110 00100000 00101101 10001010 00100000 10000001 00101110 10000010 00100001 00010001 01011000 00100001 01111110 00100010 00111111 00100001 01100000 01111110 00100001 01111110 00100001 00101110 00100000 00111010 00101101 00111010 00101110 
10010010 00100000 10000001 01111011 10001101 00100000 10000001 00101110 10000011 00100001 00000110 01001000 00100010 00111010 00101110 01111110 00100000 10000010 00111010 00000010 00101011 00100001 10000010 01111110 10000011 00100001 00000110 01111110 00100000 01100000 00100101 01011000 00101110 
10010010 00100000 10000001 00100111 10001101 00100000 10000010 01111110 00000010 00100001 01001101 10000010 00100001 10000001 00111110 10000010 00100001 00000010 01011000 00111111 10001010 00100001 10000011 00101110 00000011 00100001 01111110 00101110 
10011110 00100000 00000100 01111011 00100001 00111010 00100001 10000010 01001101 00000101 00100001 01111110 00111010 01011000 01001101 10000110 00100001 00000011 00101110 00111010 00100001 10000010 00101110 00000100 01111110 00100000 00100001 00101110 10000010 00100000 00000010 01100000 01111011 
10010010 00100000 00000100 01111011 00111010 00100000 01100000 10000011 00100000 00000111 00111010 01111110 00100000 00101110 00111010 01111011 01111110 10000010 00100001 00000010 01001101 00100001 10000010 01011000 00000010 01001000 01001101 10000011 00100001 00000010 01011000 00100001 10000010 01011000 00000010 01001000 01110100 10000010 01001101 10000011 01001000 00000010 01011000 00100001 10000010 00100000 00000011 01111110 00100000 01111110 
10010000 00100000 10000100 01111110 00000100 01111011 00100111 00100000 01111110 10000011 00100001 10000001 00111010 10000101 00100001 00000010 01011000 01001101 10000010 00100001 10000001 01001101 10000011 00100001 00000010 01011000 01001000 10000011 01001101 00000011 01010010 01001101 01010011 10000011 01011000 10000110 00100001 10000001 00111010 10000010 00100000 00000010 01111011 01100000 
10010010 00100000 00000010 01100000 01111011 10000010 00100000 10000001 01111011 10000010 00111010 10000101 00100001 00000101 01011000 00100001 01011000 00111111 01001101 10000010 00100001 10000001 01001101 10000010 00100001 10000001 01011000 10000100 01001101 10000010 01011000 10000100 01001101 10000010 00111111 10000101 00100001 00000101 00111111 00100001 00111010 01111110 01111011 
10001111 00100000 00000011 00111010 00100000 00100111 10000011 01111110 10000001 01111011 10000011 00100001 10000001 01011000 10000010 01001101 10000001 01001000 10000010 00100001 00000101 01011000 01001101 01011000 01001101 01011000 10000010 01001000 10000100 01011000 10000001 01001101 10000100 00100001 10000100 01001101 10000001 01010011 10000100 01011000 10000111 00100001 10000001 01111110 
10001100 00100000 10000001 00111010 10000100 00100000 10000010 00111010 00000010 01100000 01111110 10000011 00100001 10000100 01001101 10000011 01011000 10000001 01110100 10001011 01001101 00000010 01001000 01011000 10000110 00100001 10000001 01001000 10000101 01001101 10000001 01011000 10000101 00100001 00000011 00111010 00100000 01111110 
10001111 00100000 00000100 00100111 01111110 00111010 01111110 10000101 00100001 10010110 01001101 10000011 01011000 10000011 00100001 10000001 01001101 10000010 00111111 10000100 01001101 10000010 00100001 10000001 01011000 10000010 00100001 00000010 01101001 00111010 
10001111 00100000 00000011 01111011 01111110 01111011 10000101 00100001 10000001 01011000 10001100 01001101 00000011 00111000 01001101 00111000 10000101 01001101 10000001 00111000 10000101 01001101 10000010 01011000 10001000 00100001 00000111 01011000 00100001 00111111 01110100 00111111 00100001 00111010 
10001111 00100000 00000010 01111110 00111010 10000010 01111110 10000100 00100001 10000001 00111111 10000110 01001101 00000101 01000000 01001101 01000000 01010010 01001101 10000011 01010010 10000001 00100100 10000010 01000000 10000010 01001101 00000011 01010010 01001101 01010010 10000110 01001101 00000011 01011000 01010011 01011000 10000011 00100001 10000001 01011000 10000011 01001101 00000101 01011000 01111011 00111111 01011000 00100001 
10001101 00100000 10000001 00111010 10000010 01011000 00000010 00100000 01111011 10000010 00100001 00000010 01011000 01001000 10000100 01001101 10000010 00111000 10000010 01001101 10000010 00111000 00000100 01000010 01010010 00100100 01001101 10000100 00100100 00000101 00111000 01000000 00111000 01010010 01001110 10000010 00111000 10001000 01001101 10000001 01001000 10000010 01011000 10000001 00111111 10000101 01001101 10000001 01011000 10000011 00100001 
10001011 00100000 00001100 00101110 00111010 01011000 00100001 00100000 01111011 01011000 01001101 01010011 01001101 00111000 01001101 10000010 01000000 10010011 00100100 00000101 01000010 00111000 01010010 00100100 00111000 10010000 01001101 00000011 01011000 00100001 01011000 
10001010 00100000 00001000 00111010 00100001 00111111 00100001 00100000 00100001 00111111 01011000 10000101 01001101 10000001 00111000 10000100 00100100 10000001 00111000 10001110 00100100 10000010 01000010 10000001 01010010 10000010 00100100 10000011 01001101 10000001 01000000 10001110 01001101 10000010 00100001 10000001 01011000 
10001000 00100000 00000010 01111110 01111011 10000010 00100001 00000011 01111110 00100000 01111011 10000010 00100001 10000001 01011000 10000011 01001101 10000001 01000010 10011000 00100100 10000010 01001101 00000110 01010010 00100100 00111000 01001101 01010010 00100100 10001101 01001101 00000100 00100001 00111111 00100001 00111010 
10001000 00100000 10000001 00111010 10000011 01111110 00000110 00100000 00100001 00111010 01011000 00100001 01011000 10000010 01001101 10000001 00111000 10010111 00100100 10000010 01010010 10000010 00100100 10000100 01001101 00000011 01010010 00111000 01001110 10001101 01001101 00000100 01111011 00100001 01100000 00101101 
10000100 00100000 00001101 01111110 00111010 01111011 00100001 00111010 01111110 01100000 01111110 00100111 00111010 00100001 00111010 01001000 10000010 01001101 00000010 00111000 01001110 10011001 00100100 00000011 00111000 01001101 01010010 10000010 01001101 00000101 00111000 01010010 00100100 01001101 01010010 10001000 01001101 10000001 01010010 10000011 01001101 00000010 01011000 00100001 
10000010 00100000 00000011 00100001 01011000 00100001 10000010 01100000 10000010 01111110 10000011 00100000 00000110 00111010 01111110 01011000 01001101 00111111 01010011 10000010 01001101 00000010 00100100 01000010 10010110 00100100 00000010 01000010 01010010 10000010 00100100 10000011 01001101 00000110 00100100 01000000 01010010 00100100 01001101 00100100 10000110 01001101 10000001 00100100 10000100 01001101 00000011 01011000 00111111 01001100 
00000100 00100000 01011000 01111110 00101110 10000110 00100000 00000011 00111010 00100000 01100000 10000011 00100001 10000010 01001101 00000010 00100011 00100100 10000010 01010010 10010001 00100100 10000001 01010010 10000101 00100100 00000100 01010010 00100100 01001101 00100100 10000010 01001101 10000011 01010010 00000010 01001101 00111000 10000111 01001101 10000010 00100100 10000100 01001101 00000011 00100001 00111111 00111010 
00000111 00100000 00100001 00100000 01111110 00100000 01111011 01111110 10000010 00100000 10000010 00100001 10000001 00100000 10000010 00100001 10000001 01111110 10000010 01100000 00000010 00100000 00111010 10000010 00100001 00000010 01001101 01010010 10001010 00100100 10000001 01010010 10000010 01001101 00000011 00100001 00111111 00100001 10000010 00111111 10000010 01010010 00000111 00111111 00100011 01010010 00111000 00100100 01001101 00100100 10000011 01001101 00000100 01010010 01001101 00100100 01010010 10000100 01001101 10000001 00111000 10000010 01001101 10000001 00100100 10000011 01001101 00000101 00100001 01001101 00100001 00111010 00111110 
00001001 00111010 00100000 00100111 00100000 00111110 00100001 01111110 00100000 00100111 10000010 00100001 10000010 00100000 10000001 00100001 10000011 00100000 00000011 00101110 00100001 01011000 10000010 01001101 10000001 00111000 10000101 00100100 10000001 01000000 10000011 00100100 10000001 01010010 10000011 00111000 10000001 01001000 10000010 01001101 10000010 00100001 10000010 01011000 00001110 01001000 01010111 01011000 00100100 00111000 00100100 01010010 01001101 00100100 01001101 01010010 00110101 00100100 00111000 10000100 01001101 10000001 01010010 10000010 00100100 10000001 01000000 10000011 01001101 10000011 00100001 00000011 01111011 00100000 01111110 
10000001 00100001 10000010 00100000 00000011 00100111 00100000 00100001 10000010 00100000 10000001 01111110 10000010 00100001 00000100 00100000 00111010 00100001 00111010 10000010 01011000 00000010 01001000 01011000 10000011 01001101 10000001 01010010 10010000 00100100 10000001 00111000 10000100 00100100 10000001 00111000 10000011 00100100 10000010 01001101 00000011 01010010 00100100 01001101 10000011 00100100 10000110 01001101 10000011 00100100 10000011 01001101 10000100 00100001 
00000011 00100000 01111110 01111011 10000011 00100001 10000010 00100000 10000011 00100001 10000001 00100000 10000010 00100001 10000001 01001000 10001000 01001101 10011010 00100100 10000011 01001101 00000010 00100100 01001101 10000010 00100100 10000010 01001101 10000001 00111000 10000011 01001101 10000001 01010010 10000010 00100100 10000010 01001101 10000010 01011000 10000100 00100001 00000011 00101111 00111010 01100000 
10000010 00100000 10000001 01111110 10000011 00100001 10000010 00100000 10000011 00100001 00000011 00100000 00100001 01011000 10001010 01001101 10000001 01010010 10001100 00100100 00000010 01010010 00100100 10000011 01010010 10000111 00100100 10000100 01001101 00000100 00100100 01010010 01001101 00100100 10000010 01001101 10000001 00111000 10000010 01001101 10000011 00100100 00000010 01001101 00111000 10000011 01001101 10000001 01011000 10000100 00100001 10000001 00111010 
10000010 00100000 00000100 00100001 01111110 00100000 01111110 10000010 00100000 10000010 00100001 00000011 01111110 00100000 01011000 10000011 01001101 10000001 00100101 10000011 00100001 10000001 01011000 10000010 01001101 00000011 01011000 00111111 01001101 10001000 00100100 00000010 01000010 00100100 10000010 01001101 10000001 01010011 10000011 01011000 00000100 01001000 00111111 01001101 01010010 10000010 00100100 10000001 00111000 10000100 01001101 10000010 00100100 00000111 01000000 00100100 00111000 00100100 01001101 00100100 01000010 10000100 00100100 00000010 01000010 00100100 10000011 01001101 10000001 01011000 10000100 00100001 
10000010 00100000 00000010 01111110 00100001 10000100 00100000 10000010 00100001 00000011 00100000 00100111 01011000 10000010 01001101 10000001 00111111 10000010 01111110 10000011 00100001 10000011 01001101 00000011 01011000 00100001 01001101 10000110 00100100 00000010 01001101 01010010 10000011 01001101 00000011 00111111 00100001 00100101 10000011 01001101 00000100 01001000 00100001 01010010 00100100 10000110 01001101 10000011 00100100 10000010 01001101 00000010 00100100 00111000 10000110 00100100 00000100 01001101 01010010 01000000 01001101 10000101 00100001 
10000010 00100000 00000010 01111011 00111110 10000100 00100000 10000010 00100001 10000010 00100000 00001111 00100001 01001101 01100110 00100000 01111000 01000000 00100011 00100010 01111110 00100001 01110100 00111111 01001101 01111110 00100001 10000101 00100100 10000001 01010010 10000011 01001101 00000111 00111111 01011000 01100010 01000000 00100001 01111110 01100000 10000010 00111111 00000101 01001101 01010011 00100100 01001101 01000000 10000011 01001101 00000100 01000000 01010010 01001101 01010010 10000011 01001101 10000110 00100100 10000001 01010010 10000101 01001101 10000100 00100001 
10000010 00100000 10000001 00100001 10000100 00100000 00000101 00100111 00100001 01111110 00100000 01111011 10000010 00100001 00000100 00111010 00100001 00111111 01001101 10000011 00100000 00000111 00100001 01000000 00100001 01001101 01111011 01011000 01001101 10000010 00100100 00000101 01010010 00110101 01001101 00100100 00111000 10000011 01001101 00000100 00100100 00100001 00100000 00101101 10000011 01011000 10000010 01001101 00000011 01010010 01001101 01000010 10000011 01001101 00000010 00100100 01010010 10000011 01001101 00000111 01000000 00100100 01010010 00100100 01000010 01010010 00100100 10000100 01001101 10000001 01011000 10000010 00111111 00000010 00100001 01011000 10000010 00100001 
10000010 00100000 10000001 00100001 10000100 00100000 00000010 00100111 00100001 10000010 00100000 10000010 00100001 10000001 01011000 10000011 00100001 10000001 00111111 10000010 00111010 00000110 01111000 01001000 00100001 01001000 01001101 00111010 10000010 01001101 00001000 00100100 01010010 01001101 00111000 01001101 00100100 01010010 01001000 10000011 01001101 10000001 01011000 10000011 00101110 10000001 01011000 10000101 01001101 00000010 00100100 01010010 10000010 01001101 10000010 01010010 10000111 01001101 10000001 00111000 10001000 01001101 10000001 01011000 10000010 00100001 00000010 01011000 00100001 
10000010 00100000 10000001 00100001 10000101 00100000 10000001 01111110 10000010 00100000 10000010 00100001 10000001 00111111 10000011 00111010 10000011 00100001 00000110 01001101 01011000 01001101 01010010 01111110 00100001 10000011 01001101 10000001 01010010 10000010 01001101 10000001 00111000 10000101 01001101 10000001 01010011 10000010 00100001 00000010 01001101 00111111 10000010 01011000 10000101 01001101 10000010 00100100 00000101 01001101 00100100 01001101 00100100 01010010 10000100 01001101 00000011 00111000 00100100 01010010 10001000 01001101 00000010 00100101 01011000 10000010 00100001 
10000010 00100000 10000001 01111110 10000101 00100000 10000001 01111110 10000010 00100000 10000001 00100001 10000010 01111110 10000001 01011000 10000010 00100001 00000010 01011000 01001000 10000011 01001101 00000110 00111111 01111110 00100000 01011000 01001101 00100100 10000100 01001101 10000001 01010010 10000110 01001101 10000001 01000000 10001010 01001101 00000011 00100100 00111000 01000000 10001000 01001101 10000001 01010010 10000101 01001101 00000010 00111111 00100001 10000011 01001101 00000100 00100101 01001000 01011000 00100001 
10001011 00100000 10000100 00100001 00000010 01011000 01010011 10000010 01001101 10000010 01011000 10000010 01001101 00000010 00100000 00101110 10001000 01001101 10000011 00100100 10000010 01000010 10000001 00111000 10000011 01001101 10000001 01000000 10000111 01001101 00000011 01010010 00100100 01010010 10001111 01001101 10000010 01011000 00000100 00100001 00111111 01001000 00100001 10000010 01011000 
10001011 00100000 00000011 01011000 01001000 01011000 10001000 01001101 00000011 00100001 00101110 01011000 10001001 01001101 10000001 01010010 10000011 00100100 00000010 00111000 01001101 10000101 00100100 00000010 01001101 01000000 10000010 00111000 10001111 01001101 00000010 00100001 01011000 10000011 01001101 10000010 01011000 10000011 00100001 00000010 01011000 01001101 
10000110 00100000 10000001 01111110 10000011 00100000 00000010 01111011 00100001 10001000 01001101 00000100 01010010 01001101 00111010 01011000 10001010 01001101 00000010 00111000 01010010 10001111 00100100 10000001 01001110 10001000 01001101 00000010 00111111 00100001 10000010 01001101 00000100 00100001 01001101 00111000 01001101 10000010 01011000 10000010 00100001 00000100 00101111 01110100 00100001 01001101 
10000110 00100000 10000001 00100111 10000011 00100000 00000010 01111110 01001000 10001001 01001101 00000010 01111110 00100001 10000010 01001101 00000011 00111000 01000000 00111000 10000011 01001101 10000001 00100001 10000010 01001101 10000010 00100100 10000001 00111000 10001110 00100100 10000001 00111000 10000111 01001101 10000010 00100001 10000001 01011000 10000100 01001101 00001000 00100100 00111000 01001101 01010010 00100001 01001101 01011000 00100001 10000010 01001101 
10001010 00100000 10000001 00100111 10001010 01001101 10000001 00100111 10000010 01001101 10000101 00100100 10000010 01001101 00000100 01011000 01001101 01011000 01001101 10010000 00100100 10000001 01010010 10000111 01001101 10000010 00100001 10000011 01001101 10000100 00100100 10000101 01001101 00000011 01111011 00100001 01001101 
10001010 00100000 10000001 00100111 10001001 01001101 00000010 00100001 00100111 10000010 01001101 10000101 00100100 10000001 01010010 10000110 01001101 10001111 00100100 10000011 01001101 10000001 00100001 10000011 01001101 10000001 01011000 10000010 00100001 10000010 01001101 10000101 00100100 10000001 01001101 10000010 00100100 00000101 01001101 00100100 01001101 00100001 01001101 
10001011 00100000 10000001 00100001 10000110 01001101 00000111 00100100 01001101 00100001 00100000 00100001 01001101 01010010 10000011 00100100 10000001 01010010 10000010 01001101 00000111 00111000 00100100 00111000 01001101 01011000 01001101 00111000 10001100 00100100 10000001 01001110 10000011 01001101 10000001 00100001 10000011 01001101 10000011 00100001 00000010 00111111 01001101 10000010 01010010 10000010 00100100 00000011 01010010 01011000 01001101 10000010 00100100 00000100 01001101 01010010 00100001 01001101 
10001011 00100000 00000100 00100001 01001101 00111111 01011000 10000010 01001101 10000010 00100100 00000101 01001101 00101110 01111011 00100000 00100001 10000110 01001101 00001010 01010011 01010101 01010011 01010010 01001101 01011000 01001101 00100100 00111000 01010010 10001010 00100100 00000010 00100011 00100100 10000010 01001101 10000001 00100001 10000011 01001101 00001000 00100001 01011000 00100001 01110100 00111000 00100100 01001101 00100100 10000011 01001101 00000011 01001000 01001101 01010010 10000010 01001101 00000010 01011000 00100100 
10000100 00100000 00000011 00101100 00101101 00101100 10000011 00100000 10000001 00100111 10000011 00100001 10000010 01001101 00001101 00100100 01010010 01001101 01010011 01001101 01011000 00111010 00101110 00111111 00100001 01011000 01001101 01001000 10000010 01010010 00000011 00100100 01010010 01001101 10000010 00111000 10000011 00100100 00000010 00111000 01001101 10000101 00100100 10000001 01010010 10000100 00100100 10000001 00111000 10000010 01001101 10000001 00100001 10000010 01001101 00000101 01011000 01001101 01001000 00100001 01001101 10000010 00100100 10000001 01010010 10000100 01001101 00000010 01010010 01001110 10000010 01001101 00000011 01011000 00100001 00100100 
10000011 00100000 00000011 00101101 00100111 01100000 10000100 00100000 10000001 00100111 10000011 00100001 10001010 01001101 00000011 00111000 00100100 01010010 10000010 01001101 00000100 00111000 01001101 01000010 01001101 10000010 01010010 00000100 01001101 01010010 00111000 01010010 10000011 01001101 10000100 00100100 00000011 00111000 00100100 00111000 10000011 00100100 10000010 01001101 10000001 01011000 10000101 01001101 00000100 00100001 01001101 01010010 00100100 10000010 01001101 00000011 00100001 01001101 00111111 10000110 01001101 10000001 00100100 
10001010 00100000 10000001 00100111 10000010 01011000 10000001 00100001 10000111 01001101 00000010 01000000 01010010 10000010 01001101 10000001 00100100 10000010 01001101 10000001 01000000 10000010 00100100 00000010 01000010 01001101 10000011 00100100 00000010 01001101 00111000 10000100 01001101 10000001 01010010 10000100 00100100 10000001 01000000 10000100 00100100 10000010 01001101 10000001 00100001 10000100 01001101 10000010 01011000 00000111 00100100 01001101 01010010 01001101 00100001 01011000 01001000 10000010 00100001 10000010 00111111 10000001 01011000 10000011 01001101 
10001010 00100000 10000001 01100000 10000011 00100001 00000100 01001101 00111111 01001101 01001000 10000011 01001101 00000010 00100100 01010010 10000011 01001101 00000010 01010010 01000000 10000100 00100100 00000011 01001101 01010010 01000000 10000100 01001101 10000001 00111000 10000100 01001101 10000111 00100100 10000001 01010111 10000010 01001101 10000001 00100001 10000100 01001101 00000100 00100001 01001101 00100100 01010010 10000010 01001101 10000010 00100001 10000001 00101110 10000010 01001101 00000110 00100001 00100101 01001101 00111111 01111110 00100001 
10001011 00100000 10000110 00100001 10000100 01001101 10000001 01000010 10000010 01001101 10000010 00100100 10000010 01010010 10000011 01001101 00000010 01010010 00111000 10000101 01001101 10000001 01010010 10000101 01001101 10000001 00111000 10000111 00100100 10000010 01001101 10000001 00111111 10000100 01001101 00000110 00100001 01100110 00100011 01010010 01001101 01111110 10000100 00100000 00000010 01100000 01111110 10000011 00100001 00000010 01111110 00100001 
10001011 00100000 10000001 01111110 10000010 00100001 00000010 01001000 01011000 10000010 00100001 00000011 01111110 00100001 00111111 10000010 01001101 10000001 00111111 10000011 01001101 10000010 00111111 10000010 01001101 10000001 00111111 10001001 01001101 10000001 01010010 10000100 01001101 10000101 00100100 10000011 01001101 10000001 00100001 10000100 01001101 10000010 00100001 
10001011 00100000 10000001 00100111 10000011 00100001 00000101 01001101 01011000 00100001 00111010 01100000 10000010 01111110 10000001 01100000 10000010 01111110 10000001 00100001 10000010 01111110 10000100 00100001 00000010 01011000 01001101 10000011 00100001 00000011 00111111 00100001 00111111 10000100 01001101 10000001 00111000 10000101 00100100 10000100 01001101 10000001 01011000 10000011 01001101 10000010 00100001 
10001100 00100000 10000010 00100001 00000101 01111110 01001101 01000000 01001101 01011000 10000010 00101110 00000010 00100000 01111011 10000010 00100001 10000001 01011000 10000100 00100001 00000101 01011000 01001000 01001101 01001000 01011000 10000010 00100001 10000010 01100000 00000010 00100001 01011000 10000011 01001101 00000010 01000010 00100100 10000010 01001101 10000010 00100100 00000100 01000010 00100100 01001101 00100001 10000011 01001101 10000010 00100001 
10001100 00100000 10000011 00100001 00000011 00111111 01001101 01010010 10000010 01001101 00000111 00100001 00111010 00100001 01011000 01001000 01001101 01001000 10001000 01001101 10000001 00100001 10000010 00100000 00000011 01011000 00100001 01010011 10000010 01001101 10000001 01011000 10000010 00100100 10000010 01001101 10000011 00100100 00000011 01010010 01001101 01011000 10000011 01001101 10000001 01111110 
10001101 00100000 00000011 00100001 01001101 00100001 10000100 01001101 00000011 00111110 00100001 01011000 10001000 01001101 10000001 01011000 10000010 01001101 10000010 00100001 00000010 00111010 00100001 10000010 01001101 10000001 00100100 10000011 01001101 00000011 01000010 01010010 01001101 10000100 00100100 10000001 00111000 10000100 01001101 10000001 01111110 
10001101 00100000 00001001 01100000 00111111 01001000 00100001 01001101 00100100 01010010 00111110 00100111 10000100 01001101 10000001 00111111 10000011 01001101 10000001 00100001 10000010 01001101 00000110 00110110 00100001 01011000 00100001 01011000 01001101 10000011 00100100 10000010 01001101 10000001 00100100 10000010 01001101 10000100 00100100 00000100 01001101 01011000 00100100 01100110 
10001110 00100000 00001000 01100000 01001101 01011000 01001101 00100100 00111000 01011000 00100000 10000111 01001101 10000010 00100001 10000010 01001101 10000100 00100001 00000010 01011000 01001101 10000011 00100100 10000010 01001101 10000001 00100100 10000010 01001101 10000011 00100100 00000100 01010010 01011000 01000000 00100010 
10001111 00100000 00000100 01111110 01001101 00111111 00100100 10000010 01001101 00000010 00100000 00100001 10000100 01001101 00000010 01011000 01001101 10000010 00100001 10000010 01001101 10000011 00100001 10000001 01011000 10000011 01001101 10000011 00100100 00000100 00111000 00100100 01011000 01001101 10000010 00100100 00000100 01010010 01001101 00100001 01100000 
10010000 00100000 00000010 00100001 01011000 10000011 01001101 00000010 00100000 00100001 10000100 01001101 10000010 01011000 00000011 00100001 01011000 01001101 10000011 00100001 10000001 01001000 10000100 01001101 10000100 00100100 00000010 01010010 01001000 10000010 00100100 00000011 01001101 00100001 01111110 
10010000 00100000 00000011 00100111 01001101 00111111 10000010 01001101 00000011 00100000 01100000 00111111 10000010 01001101 10000001 01011000 10000010 01001101 00000101 00100001 01011000 01001101 00100001 01011000 10000101 01001101 10000101 00100100 00000010 01010010 01001101 10000010 00100100 10000001 00100011 
10010001 00100000 00000010 01100000 00111110 10000010 01001101 00000011 01101011 00100000 01111110 10000010 01001101 00000111 01001000 01001101 00100001 01011000 01001101 00100001 01011000 10000011 01001101 10000110 00100100 00000110 01000010 01010010 01001101 00100100 01001101 00100010 
10010010 00100000 00001110 01111110 01100000 00111111 01001101 00101110 00100000 00100001 01001101 00111111 01001101 01011000 01001101 00100001 01011000 10000010 00100100 00000010 01000000 01001101 10000110 00100100 10000001 01010010 10000010 01001101 10000001 00100011 
10010100 00100000 00000011 01100000 00100001 01001101 10000010 00100000 10000010 00100001 10000010 01001101 00000011 00100001 01011000 00111000 10000011 00100100 00000010 01010010 01001101 10000100 00100100 10000010 01001101 00000010 00100011 01100000 
10010110 00100000 00000100 00100001 00100101 00100000 01100000 10000011 01111110 00000010 01011000 00111000 10000100 00100100 00000010 00111000 01001101 10000010 00100100 10000010 01010010 00000010 00100011 01100000 
10010111 00100000 10000010 00100001 00000100 01111000 00111010 01111000 01001000 10000111 00100100 00000101 01010010 00100100 01010010 00101010 01100000 
10011000 00100000 00000011 01111110 00100001 00111111 10000100 01001101 10000011 01010010 00000101 01001101 01000000 01001101 00100011 01100000 10000111 00100000 
10011001 00100000 00000010 01100000 01111110 10000011 00111111 10000011 01001101 00000100 00111111 01001101 00100010 01100000 
10011101 00100000 10000010 01100000 10000010 01111110 
